var initTopology = [
	[1,2,3,5,6,8],		// 0
	[0,3,5,8,9],		// 1
	[0,3,8,9,10],		// 2
	[0,1,2,4,5,6,7,9],		// 3
	[3,5],		// 4
	[0,1,3,4,6,8,9,11,12,13],		// 5
	[0,3,5,8,9,10,12,13],		// 6
	[3,8,9,10,11,13,15],		// 7
	[0,1,2,5,6,7,10,11,13,14,15],		// 8
	[1,2,3,5,6,7,11,12,14,16,17],		// 9
	[2,6,7,8,13,18],		// 10
	[5,7,8,9,14,16],		// 11
	[5,6,9,15,17,19],		// 12
	[5,6,7,8,10,14,16,17,18,20],		// 13
	[8,9,11,13,15,16,17,18,19,22],		// 14
	[7,8,12,14,17,18,20,21],		// 15
	[9,11,13,14,17,18,20,23,24],		// 16
	[9,12,13,14,15,16,18,21,25],		// 17
	[10,13,14,15,16,17,25],		// 18
	[12,14,20,22,23,26,27],		// 19
	[13,15,16,19,22,23],		// 20
	[15,17,26,28],		// 21
	[14,19,20,24,25,27,29],		// 22
	[16,19,20,24,25],		// 23
	[16,22,23,25,28],		// 24
	[17,18,22,23,24,26,28,29,32,33],		// 25
	[19,21,25,27,28,30],		// 26
	[19,22,26,28,29,30,32,34,35],		// 27
	[21,24,25,26,27,34],		// 28
	[22,25,27,31,32,33,34,35],		// 29
	[26,27,33,36],		// 30
	[29,32,34,35,38,39],		// 31
	[25,27,29,31,36,37,38,39],		// 32
	[25,29,30,36,38,41],		// 33
	[27,28,29,31,37,38],		// 34
	[27,29,31,37,42],		// 35
	[30,32,33,38],		// 36
	[32,34,35,39,40,41,45],		// 37
	[31,32,33,34,36,39,41,42,43,46],		// 38
	[31,32,37,38,40,41,42,43,44],		// 39
	[37,39,43],		// 40
	[33,37,38,39,42,43,45,46,47,49],		// 41
	[35,38,39,41,44,45,46,47,48],		// 42
	[38,39,40,41,44,46,49,50,51],		// 43
	[39,42,43,45,50],		// 44
	[37,41,42,44,48,49,51,52,53],		// 45
	[38,41,42,43,47,48,50,51,52,54],		// 46
	[41,42,46,49,52,54],		// 47
	[42,45,46,49,56],		// 48
	[41,43,45,47,48,51,54,55,57],		// 49
	[43,44,46,51,56],		// 50
	[43,45,46,49,50,52,53,57,58],		// 51
	[45,46,47,51,56,57,58,59,60],		// 52
	[45,51,54,55,57,60],		// 53
	[46,47,49,53,58,59,60],		// 54
	[49,53,56,59,63],		// 55
	[48,50,52,55,57,59],		// 56
	[49,51,52,53,56,60,61],		// 57
	[51,52,54,59,61,62,63,64,66],		// 58
	[52,54,55,56,58,61,62,64,65],		// 59
	[52,53,54,57,61,62,63,64,65,66,68],		// 60
	[57,58,59,60,62,63,65,67,68],		// 61
	[58,59,60,61,64,65,66,67],		// 62
	[55,58,60,61,66,69,70,71],		// 63
	[58,59,60,62,65,67,71,72],		// 64
	[59,60,61,62,64,66,67,68,69],		// 65
	[58,60,62,63,65,67,70,71,72],		// 66
	[61,62,64,65,66,68,70,72,73],		// 67
	[60,61,65,67,73,74,75,76],		// 68
	[63,65,70,74,76],		// 69
	[63,66,67,69,71,72,73],		// 70
	[63,64,66,70,75,76,79],		// 71
	[64,66,67,70,73,74,75,78,80],		// 72
	[67,68,70,72,75,79,80],		// 73
	[68,69,72,75,80,81],		// 74
	[68,71,72,73,74,76,79,83],		// 75
	[68,69,71,75,79,80,83],		// 76
	[79],		// 77
	[72,80,81,82,83,84],		// 78
	[71,73,75,76,77,82,87],		// 79
	[72,73,74,76,78,81,82,83,84,85,86],		// 80
	[74,78,80,83,87,89],		// 81
	[78,79,80,83,87],		// 82
	[75,76,78,80,81,82,86,87,89,90],		// 83
	[78,80,87,88,89,91],		// 84
	[80,86,88,92,93],		// 85
	[80,83,85,90,91,92],		// 86
	[79,81,82,83,84,88,89,95],		// 87
	[84,85,87,91,92,94,95],		// 88
	[81,83,84,87,90,91,94,95,97],		// 89
	[83,86,89,94,96,97],		// 90
	[84,86,88,89,92,93,94,96],		// 91
	[85,86,88,91,94,95,96,98],		// 92
	[85,91,94,95,96,97],		// 93
	[88,89,90,91,92,93,98],		// 94
	[87,88,89,92,93,97,98],		// 95
	[90,91,92,93,98],		// 96
	[89,90,93,95,99],		// 97
	[92,94,95,96,99],		// 98
	[97,98]		// 99
];